TEXTPATGEN-QUICKSCRIPT-GO: 2026-04-11T19:10:41Z
60374 95059 29889 26366 26169 63849 97785 82485 20860 24219
01144 22035 88572 67932 89219 39886 98520 36341 59031 53746
09930 64835 36933 48624 73705 64938 98629 18367 61519 59329
71417 46740 97540 35007 52157 20767 39523 47094 35745 38046
96517 62085 64927 67343 01305 43497 40375 56661 28670 89587
03411 34627 50162 13162 18114 82962 03744 49970 35567 69482
92162 71965 90871 75790 82915 68599 79060 34428 79417 69187
66856 35203 72520 94606 71585 32353 28606 35837 06613 58694
67103 03823 93153 35587 24551 68109 79240 98397 23909 77398
03214 46329 87743 49888 30649 91184 94257 31435 55448 64623
