TEXTPATGEN-QUICKSCRIPT-C++: 2026-04-12T09:09:20+0000
90332 00186 00078 64201 83755 92640 60236 92500 55321 54090
71869 16744 26605 77645 93306 57326 18198 16347 25503 39768
79176 71457 89449 95551 51582 03350 92967 17376 15186 10374
19649 64950 64976 68806 30574 15143 64551 16735 88235 89435
39676 38653 93176 98539 33521 95437 13162 74648 59561 60310
40050 72126 16461 16374 40351 83280 97480 63506 93145 62430
30731 79373 44150 07375 34157 54122 35469 31950 53655 75332
03937 35022 85725 90927 39484 60075 97575 96667 36046 10152
69290 51095 69909 31532 78176 89812 66341 03130 32359 58679
40306 39114 73042 95927 15190 71689 10608 39191 04341 94167
