TEXTPATGEN-QUICKSCRIPT-PYTHON: 2026-04-11T19:33:16+0000
19093 60231 59628 22904 92473 51515 95939 45840 56821 66435
14413 69848 15900 10505 96562 59761 34526 06276 86352 84869
26802 43955 30107 40554 26721 23391 18459 24719 45482 48504
82093 53699 27634 52830 60438 72797 36146 49164 21026 85005
83683 16265 23677 00739 79005 51841 19346 74207 21304 25249
21890 03425 87255 31093 58745 83597 50811 16595 81772 72607
99203 06875 79835 32386 94018 81111 66468 93577 37991 90408
77381 44396 69229 89366 44992 71103 47578 63381 52656 99811
08119 13280 39308 85394 56945 33099 31430 92654 93682 57334
67315 64681 76373 33319 19292 07630 88601 76723 42828 21588
