TEXTPATGEN-QUICKSCRIPT-C++: 2026-04-12T09:05:50+0000
54340 67115 27836 41204 42451 52638 84477 14860 00471 15671
12156 18646 67074 21010 82585 45273 13670 87014 57509 06368
89132 62431 20920 52334 18532 56229 10837 00581 21969 30742
97862 95018 81168 12665 17194 07898 81622 31135 27407 63238
43170 69935 94002 64196 81764 92002 33611 29887 17541 56874
37283 17862 00568 53257 25242 64669 79566 14206 01525 58138
59884 47918 60380 38641 10514 44046 38194 40475 03647 44225
89041 03012 98092 77600 05994 55095 89054 38107 57690 52926
74247 95687 63018 17582 58184 11830 02043 86294 21002 07486
54468 82509 76911 83613 25069 07539 28589 01140 85239 04842
