TEXTPATGEN-QUICKSCRIPT-C++: 2026-04-12T09:07:26+0000
96166 32358 97321 12884 90161 49606 95563 69164 85356 90923
97719 18388 51953 45308 57930 62022 14367 25910 85683 07308
80242 52629 96229 45241 65365 42020 40078 57945 40252 93392
13385 78049 92538 00275 74971 79063 36153 97060 55187 70874
14886 04235 96044 06424 39772 05098 84286 83938 71213 95625
26509 00963 20779 55377 91288 81248 05489 30593 44556 58214
05464 43154 04743 38105 74428 57891 79594 56997 41782 74492
74333 85236 04440 33036 06948 41500 26456 63713 65486 79905
44945 48743 88572 76941 34033 12276 54178 14156 17617 35071
92133 84567 81907 75172 67630 41875 10503 54561 14334 86051
