TEXTPATGEN-QUICKSCRIPT-C: 2026-04-11T17:50:49+0000
48017 17420 92645 64280 17926 26776 66151 90100 72049 15595
28944 15052 22193 39311 66672 53134 80479 20256 69987 67290
23698 77429 44686 43886 40563 88549 32425 39528 77876 71111
08705 25895 83408 01351 85052 01335 28127 46082 86313 95053
61677 15258 10106 78747 49447 71655 31883 29927 91912 01871
92094 10488 74177 36781 49252 14741 20208 76554 54269 98085
47666 57851 18858 31076 54079 98787 27288 82206 44870 13602
72137 06548 23738 82243 85296 73185 53900 12057 97989 40690
13928 90084 46055 82982 21744 95307 97723 41952 71862 46871
34915 14407 04723 53773 40360 58803 47439 67648 35887 92309
