TEXPATGEN-QUICKSCRIPT-LUA: 2026-04-11T18:12:58+0000
81002 80277 17151 66029 28166 02555 00331 77596 53537 89954 68172
49678 73493 71210 92911 51517 89024 66884 19526 23804 25896 57252
72492 95540 84049 66295 16106 78959 78526 83131 30082 47453 32408
81307 88015 47694 76745 23699 08249 27210 64244 22446 42744 30549
11836 05148 85579 95866 75648 39965 14187 51209 16341 43745 06272
79475 93611 93137 05771 70474 23110 48604 36503 59675 69336 46181
56953 51907 84948 46584 00129 26269 26901 59407 32576 75665 82188
74949 32360 76254 31031 96003 13764 73730 55970 76787 09727 69705
69418 64148 44533 20911 53248 19399 47483 79421 60801 91166 05366
60038 62130 17280 95344 32483 10239 76196 65277 72348 88776 26943
80213 89671 01518 79862 66061 12886 65486 23090 46192 41779 28460
